5 16 10
59.88937500 3.84250000 113.35937500 7.48392645 73.27750000 
20.14853313 2.50428508 16.11634185 1.15978209 14.10032779 
0.99731483 0.08008791 1.02372111 1.53802033 0.55962768 
0.37458356 0.25109389 -0.71354614 -0.14343199 0.05110296 
0.48196551 -0.13061154 -0.14708456 0.19341678 0.95374335 
-0.05424524 0.78463343 0.50572563 0.45147204 -0.05491857 
0.75107136 1.59218598 0.56898898 2.18299424 0.40855287 
-0.97755950 -0.52429074 -0.36450655 0.48529687 0.28272984 
-0.24844120 -0.91874371 0.00165529 -0.73391244 -0.44180113 
-1.78851821 -0.68384665 -0.56310716 -1.69751575 -0.86121377 
-0.17620561 1.58901462 -0.25101522 -0.41876403 0.08267041 
-1.35130835 -0.86390183 -1.25472608 -1.69493188 -0.65563697 
1.78983990 -0.40567374 0.51071709 0.93236019 0.46111141 
0.88098177 0.65620200 1.34800193 0.36598853 0.90910559 
0.02819867 -0.32658129 0.02027940 -1.18108337 0.41092546 
-0.13085143 0.18413254 -0.00417566 0.52232543 -0.37143888 
1.71937452 0.77553320 1.36223415 1.27074174 1.25400979 
-1.33857847 -1.01977973 -0.65197793 -1.69621579 -0.38252652 
1.69524776 -0.04517879 0.73774401 3.05347926 -1.43495767 1.29303054 2.25167057 -0.81681364 0.20147671 -0.90495142 -0.69957711 0.95245019 2.92226273 0.30306147 -2.22928192 -0.24592673 
-0.56273217 0.22615059 0.46660220 -1.90311459 -0.05741751 -0.78235876 -1.27799835 1.68045790 -0.32170104 2.01722411 0.13510557 -0.06300144 -1.03705663 -0.38023894 -0.09908665 1.56275959 
0.05601546 -0.31721409 -0.40807068 -1.05520985 0.23142819 0.17119202 0.11393496 1.02923255 0.06356694 0.90320548 -0.18040778 -0.52499515 0.17144016 -0.16740442 0.41180828 0.65452548 
-0.52309862 0.61181214 -0.01397987 0.50467871 0.40688251 0.49839028 -0.12157500 0.61814173 -0.11661114 0.63623714 0.19378767 -0.67408588 0.57868746 -0.25512620 -0.25063723 0.33838915 
-1.62336355 0.19482273 0.70551042 0.45060137 -0.19056227 0.41515945 0.91363640 -0.29708342 0.98892203 -0.17074502 -0.25470961 -0.31458640 1.17469301 0.35265794 -0.31874268 -0.11309624 
-0.44730400 0.29438844 0.12168772 0.99710126 -0.73174417 0.73998432 0.91169688 -1.07234921 -0.08410251 -0.82821452 -0.42848603 -0.75175060 1.17090201 0.31322507 -0.17265039 -0.51531355 
0.77695858 0.31230681 0.12622631 0.68137692 -0.95801677 0.26370228 1.04213351 -0.99449277 0.94793240 -1.23344986 -0.16428559 -0.10681772 1.17099275 0.06034245 -1.12360635 -1.00307670 
1.26454614 -0.03558110 0.61500362 0.91395886 -1.11601566 0.01211260 0.00417289 -0.70796124 0.70729877 -0.65228013 -0.84190164 1.32527519 0.32811801 0.32242423 -1.58673863 -0.92788485 
1.47768545 0.55493297 0.70036264 0.97886255 -0.05869533 -0.09699610 -1.07030362 -0.58497413 0.07499359 0.10324678 -0.03433028 0.47211948 0.26667260 0.21824324 -0.50414513 -0.84587810 
0.84787910 -0.01968436 0.43774833 0.38547550 1.12193718 -0.42233344 -1.27753024 -0.59285097 -0.31168270 -0.25131509 0.70848926 0.31342138 -0.97178479 0.50940386 0.74538715 -0.15310147 
-0.15514577 -0.34703118 -0.22884678 -1.39842590 2.05778870 -0.28509611 -0.49553256 -0.35313631 -0.41748544 -0.13467103 1.17635348 0.50073638 -2.09790010 0.30905145 2.82663586 -0.41019861 
-1.22138738 -0.44482731 0.19608854 0.53431472 1.02734691 0.56582100 0.54755812 0.36138458 -0.11493776 -1.45136142 
